0,0,0
0,1,0
1,1,0
1,0,0
1,3,0
1,0,1
1,1,1
2,2,1
2,1,1
2,3,0
2,0,0
2,1,0
2,2,0
2,3,1
2,2,2
2,3,2
2,0,1
2,1,2
2,2,3
2,0,2
2,4,0
2,7,1
2,6,0
2,7,0
2,4,1
2,5,0
1,2,0
3,3,2
3,5,2
3,3,1
3,4,1
3,4,2
3,4,3
3,2,2
3,5,1
3,3,3
3,5,3
3,2,1
3,6,1
3,6,2
3,4,0
3,3,0
3,2,3
3,5,0
3,2,0
3,1,1
3,4,4
3,6,0
3,6,3
3,3,4
3,1,0
3,7,0
3,7,2
3,5,4
3,0,0
3,7,1
3,2,4
3,1,2
3,1,3
3,0,1
3,6,4
3,2,5
3,7,3
3,8,1
3,1,4
3,7,4
3,0,3
3,0,2
3,8,2
3,15,1
3,9,1
4,8,4
4,8,5
4,9,4
4,9,5
4,8,3
4,7,4
4,9,3
4,6,4
4,7,5
4,7,3
4,10,4
4,10,3
4,8,6
4,10,5
4,6,5
4,6,3
4,7,6
4,9,6
4,9,2
4,8,2
4,11,4
4,7,2
4,5,4
4,11,3
4,11,5
4,5,3
4,6,2
4,10,2
4,6,6
4,10,6
4,4,3
4,12,4
4,11,6
4,12,3
4,5,5
4,4,4
4,12,5
4,5,6
4,3,3
4,13,3
4,11,7
4,4,5
4,13,4
4,12,6
4,5,7
4,4,6
4,3,4
4,13,5
4,12,7
4,3,5
4,14,3
4,4,7
4,14,4
4,2,4
4,13,7
4,2,5
4,4,8
4,15,4
4,15,5
5,17,9
5,16,9
5,17,8
5,16,8
5,18,9
5,18,8
5,15,9
5,16,10
5,17,10
5,15,8
5,17,7
5,16,7
5,19,8
5,18,7
5,18,10
5,19,9
5,15,10
5,15,7
5,19,10
5,14,9
5,19,7
5,17,11
5,14,8
5,16,11
5,14,7
5,14,10
5,18,11
5,20,9
5,20,8
5,15,11
5,20,7
5,13,9
5,20,10
5,13,8
5,19,11
5,13,7
5,13,10
5,21,7
5,12,8
5,21,8
5,12,7
5,21,9
5,11,7
5,13,11
5,22,7
6,34,18
6,34,17
6,33,18
6,33,17
6,35,17
6,35,18
6,32,17
6,32,18
6,34,19
6,34,16
6,33,16
6,35,16
6,33,19
6,36,17
6,36,18
6,36,16
6,35,19
6,32,16
6,32,19
6,31,17
6,36,19
6,31,18
6,37,17
6,34,15
6,37,18
6,35,15
6,31,16
6,33,15
6,32,15
6,37,16
6,31,19
6,38,18
6,37,19
6,30,18
6,30,17
6,38,17
6,38,16
6,38,19
6,30,19
6,30,16
7,69,35
7,68,35
7,69,34
7,69,36
7,68,36
7,70,35
7,67,35
7,68,34
7,70,36
7,67,36
7,70,34
7,67,34
7,66,35
7,68,37
7,71,35
7,69,37
7,69,33
7,68,33
7,71,36
7,71,34
7,66,36
7,66,34
7,70,37
7,70,33
7,67,37
7,67,33
7,72,35
7,71,37
7,71,33
7,72,34
7,66,33
7,72,36
7,65,35
7,66,37
7,65,34
7,72,37
7,73,34
7,73,35
7,65,37
7,65,36
8,138,71
8,137,70
8,139,70
8,138,70
8,137,71
8,139,71
8,137,69
8,136,70
8,136,71
8,140,70
8,139,69
8,138,69
8,138,72
8,137,72
8,139,72
8,140,71
8,136,69
8,140,69
8,138,68
8,135,70
8,136,72
8,135,71
8,140,72
8,137,68
8,141,71
8,141,70
8,141,72
8,135,69
8,135,72
8,141,69
8,142,71
8,134,71
8,142,70
8,134,70
8,142,69
8,134,69
8,134,72
8,142,72